function [L_15_N, L_15_S, L_20_N, L_20_S, L_30_N, L_30_S, L_40_N, L_40_S, L_50_N, L_50_S] = moco_l_shells
% [L_15_N, L_15_S, L_20_N, L_20_S, L_30_N, L_30_S, L_40_N, L_40_S] = moco_l_shells
% By Morris


L_11_N = [
   19.3500 -180.0000
   17.6500 -170.0000
   16.3500 -160.0000
   15.2500 -150.0000
   14.1000 -140.0000
   12.8000 -130.0000
   11.3000 -120.0000
    9.5500 -110.0000
    7.5000 -100.0000
    5.5500  -90.0000
    4.4000  -80.0000
    5.0500  -70.0000
    8.4000  -60.0000
   13.6000  -50.0000
   18.6000  -40.0000
   22.2000  -30.0000
   24.3000  -20.0000
   25.2500  -10.0000
   25.3500         0
   25.1000   10.0000
   24.5500   20.0000
   23.7500   30.0000
   22.8000   40.0000
   22.1500   50.0000
   22.1000   60.0000
   22.4000   70.0000
   22.7500   80.0000
   22.9000   90.0000
   22.8500  100.0000
   22.7500  110.0000
   22.8500  120.0000
   23.1500  130.0000
   23.4500  140.0000
   23.3000  150.0000
   22.5500  160.0000
   21.1500  170.0000
   19.3500  180.0000    
    ];

L_11_S = [
  -12.2517  174.8111
  -13.7947  184.5845
  -15.0680  194.5338
  -16.1742  204.3568
  -17.4486  214.0661
  -18.9258  223.8715
  -20.4620  233.8515
  -22.1904  243.9802
  -24.2537  254.4830
  -26.6478  265.7774
  -28.7746  278.6094
  -28.5635  293.7004
  -23.6402  308.6776
  -16.7078  320.4776
  -10.9891  329.7965
   -7.1874  337.9310
   -4.9777  345.7428
   -3.9766  353.7622
   -3.6208    2.1928
   -3.7633   11.0416
   -4.2561   20.1623
   -5.2867   29.6870
   -6.5722   39.9439
   -7.3932   50.8248
   -7.4120   61.5617
   -6.9887   71.7188
   -6.5990   81.4087
   -6.4376   90.8695
   -6.6442  100.3700
   -7.0690  110.1136
   -7.4117  120.0384
   -7.5276  129.7764
   -7.7637  139.0492
   -8.3285  147.9201
   -9.3314  156.6386
  -10.6800  165.5108
  -12.2517  174.8111    
    ];

L_125_N = [
   29.8500 -180.0000
   28.1500 -170.0000
   26.6000 -160.0000
   25.2000 -150.0000
   23.7500 -140.0000
   22.2000 -130.0000
   20.5000 -120.0000
   18.6500 -110.0000
   16.7000 -100.0000
   15.0000  -90.0000
   14.1500  -80.0000
   15.1500  -70.0000
   18.4500  -60.0000
   22.9500  -50.0000
   27.1000  -40.0000
   30.1500  -30.0000
   32.0500  -20.0000
   33.0000  -10.0000
   33.3000         0
   33.1000   10.0000
   32.6500   20.0000
   32.0500   30.0000
   31.3500   40.0000
   30.9000   50.0000
   30.8500   60.0000
   31.1000   70.0000
   31.3500   80.0000
   31.5000   90.0000
   31.5500  100.0000
   31.6000  110.0000
   31.8500  120.0000
   32.3000  130.0000
   32.6500  140.0000
   32.7500  150.0000
   32.3500  160.0000
   31.3500  170.0000
   29.8500  180.0000    
    ];

L_125_S = [
  -20.4390  171.7419
  -21.8810  180.8479
  -23.3145  190.3329
  -24.7073  199.8967
  -26.1647  209.4791
  -27.8224  219.2052
  -29.6106  229.2268
  -31.6090  239.5959
  -33.8268  250.5850
  -36.4025  262.7829
  -38.7119  277.4732
  -38.4798  295.8066
  -32.9937  313.3477
  -26.1732  325.7608
  -20.9192  334.8748
  -17.4220  342.5362
  -15.2094  349.7231
  -14.0543  357.0105
  -13.4448    4.6641
  -13.1351   12.7633
  -13.5277   21.4327
  -14.5225   30.8981
  -15.6181   41.3934
  -16.2467   52.5018
  -16.0515   63.2433
  -15.5636   73.2307
  -15.0174   82.6302
  -14.8478   91.7900
  -15.0385  101.0320
  -15.4431  110.5570
  -15.8985  120.2522
  -16.2021  129.6969
  -16.5140  138.5830
  -17.0143  146.9545
  -17.9272  155.0442
  -19.0864  163.1963
  -20.4390  171.7419    
    ];

L_15_N = [
   39.5000 -180.0000
   38.0000 -170.0000
   36.3500 -160.0000
   34.6500 -150.0000
   32.9000 -140.0000
   31.0500 -130.0000
   29.1500 -120.0000
   27.1500 -110.0000
   25.3000 -100.0000
   23.8500  -90.0000
   23.4000  -80.0000
   24.6000  -70.0000
   27.6000  -60.0000
   31.3000  -50.0000
   34.7000  -40.0000
   37.3000  -30.0000
   39.0500  -20.0000
   40.0500  -10.0000
   40.5500         0
   40.6000   10.0000
   40.4000   20.0000
   40.0000   30.0000
   39.6000   40.0000
   39.3500   50.0000
   39.3500   60.0000
   39.5000   70.0000
   39.6500   80.0000
   39.8000   90.0000
   39.9000  100.0000
   40.1000  110.0000
   40.4500  120.0000
   40.9500  130.0000
   41.4000  140.0000
   41.5500  150.0000
   41.3500  160.0000
   40.6500  170.0000
   39.5000  180.0000
];

L_15_S = [
  -28.2291  168.6669
  -29.5783  176.8947
  -31.0471  185.6158
  -32.5921  194.7089
  -34.2474  204.0705
  -36.0545  213.7537
  -38.0745  223.8493
  -40.1902  234.5885
  -42.7085  246.1658
  -45.5660  259.4196
  -48.2195  275.9647
  -48.1728  296.8364
  -43.2702  316.3861
  -36.9740  329.7961
  -32.0426  339.3247
  -28.6625  347.1164
  -26.3039  354.1811
  -24.7176    1.1227
  -23.8900    8.3753
  -23.5936   16.1375
  -23.9063   24.7167
  -24.5362   34.3202
  -25.0784   44.8710
  -25.0395   55.6130
  -24.5170   65.8277
  -23.8294   75.3400
  -23.2373   84.3515
  -23.0142   93.1951
  -23.0799  102.1362
  -23.3964  111.3166
  -23.7722  120.5754
  -24.2406  129.5412
  -24.6871  137.9561
  -25.2429  145.8417
  -26.0468  153.3927
  -27.0369  160.9060
  -28.2291  168.6669
];
  
L_20_N = [
   49.6500 -180.0000
   48.4000 -170.0000
   46.8000 -160.0000
   45.0000 -150.0000
   43.0000 -140.0000
   40.9500 -130.0000
   38.8000 -120.0000
   36.8000 -110.0000
   35.0000 -100.0000
   33.8000  -90.0000
   33.6500  -80.0000
   34.9000  -70.0000
   37.4000  -60.0000
   40.3500  -50.0000
   43.1000  -40.0000
   45.3000  -30.0000
   46.9000  -20.0000
   48.0000  -10.0000
   48.6500         0
   49.0000   10.0000
   49.0500   20.0000
   49.0000   30.0000
   48.8500   40.0000
   48.7500   50.0000
   48.7500   60.0000
   48.8500   70.0000
   48.9500   80.0000
   49.1000   90.0000
   49.3000  100.0000
   49.5500  110.0000
   50.0000  120.0000
   50.4500  130.0000
   50.9000  140.0000
   51.1000  150.0000
   51.0000  160.0000
   50.5500  170.0000
   49.6500  180.0000    
];

L_20_S = [
  -36.7776  164.6114
  -38.0259  171.8597
  -39.4300  179.6156
  -41.0450  187.9137
  -42.8142  196.8208
  -44.8324  206.2899
  -47.0278  216.5015
  -49.5718  227.5267
  -52.4020  239.9099
  -55.5599  254.5563
  -58.4300  273.2175
  -58.9964  296.2775
  -55.8174  317.8877
  -50.9486  333.3124
  -46.5971  344.2071
  -43.2739  352.9023
  -40.7748    0.5409
  -39.0663    7.9120
  -37.9444   15.4575
  -37.3682   23.5897
  -36.9386   32.3929
  -36.5777   41.8656
  -35.9154   51.4972
  -34.9998   60.9588
  -33.9981   70.0281
  -33.1265   78.7071
  -32.4884   87.1134
  -32.1449   95.4598
  -32.0942  103.8895
  -32.1890  112.4167
  -32.5431  120.9007
  -32.9249  129.0712
  -33.4714  136.7578
  -34.0684  143.9862
  -34.8117  150.8938
  -35.7332  157.6827
  -36.7776  164.6114    
];

L_25_N = [
   55.3500 -180.0000
   54.2000 -170.0000
   52.6500 -160.0000
   50.8500 -150.0000
   48.8500 -140.0000
   46.7000 -130.0000
   44.5500 -120.0000
   42.5000 -110.0000
   40.8000 -100.0000
   39.7000  -90.0000
   39.7000  -80.0000
   40.9000  -70.0000
   43.1500  -60.0000
   45.7000  -50.0000
   48.1000  -40.0000
   50.1500  -30.0000
   51.7000  -20.0000
   52.8500  -10.0000
   53.6000         0
   54.0500   10.0000
   54.3000   20.0000
   54.4000   30.0000
   54.4500   40.0000
   54.4500   50.0000
   54.5000   60.0000
   54.5500   70.0000
   54.6500   80.0000
   54.7500   90.0000
   55.0000  100.0000
   55.3000  110.0000
   55.7000  120.0000
   56.1000  130.0000
   56.4500  140.0000
   56.6500  150.0000
   56.6000  160.0000
   56.1500  170.0000
   55.3500  180.0000    
];

