EPS0 = 8.854187817e-12;
MU0 = pi* 4e-7;
c=sqrt(1/EPS0/MU0);
R_E = 6370e3; % radius of earth in m
